                                                          |       2000 |       2001 |       2002 |       2003 |       2004 |       2005
---------------------------------------------------------------------------------------------------------------------------------------
Afghanistan                                               |            |            |            |            |            |           
                                               co2_emi    |       0.04 |       0.03 |       0.03 |       0.03 |          0 |          0
                                               ene_use    |          0 |          0 |          0 |          0 |          0 |          0
Albania                                                   |            |            |            |            |            |           
                                               co2_emi    |        0.7 |       0.76 |       0.83 |       0.98 |          0 |          0
                                               ene_use    |     550.33 |     559.29 |     631.65 |     673.63 |     760.03 |          0
Algeria                                                   |            |            |            |            |            |           
                                               co2_emi    |       5.43 |       5.22 |       5.28 |       5.14 |          0 |          0
                                               ene_use    |     960.24 |     951.41 |     987.58 |    1037.73 |    1016.61 |          0
American Samoa                                            |            |            |            |            |            |           
                                               co2_emi    |          0 |          0 |          0 |       5.14 |          0 |          0
                                               ene_use    |          0 |          0 |          0 |          0 |          0 |          0
Andorra                                                   |            |            |            |            |            |           
                                               co2_emi    |          0 |          0 |          0 |          0 |          0 |          0
                                               ene_use    |          0 |          0 |          0 |          0 |          0 |          0
Angola                                                    |            |            |            |            |            |           
                                               co2_emi    |       0.48 |        0.5 |       0.52 |       0.57 |          0 |          0
                                               ene_use    |      572.3 |     585.02 |     589.93 |      606.1 |     612.52 |          0
Antigua and Barbuda                                       |            |            |            |            |            |           
                                               co2_emi    |        4.6 |       4.54 |        4.7 |       4.99 |          0 |          0
                                               ene_use    |          0 |          0 |          0 |          0 |          0 |          0
Argentina                                                 |            |            |            |            |            |           
                                               co2_emi    |       3.72 |       3.37 |       3.18 |       3.35 |          0 |          0
                                               ene_use    |    1678.79 |    1573.81 |    1489.55 |    1574.81 |    1660.48 |          0
Armenia                                                   |            |            |            |            |            |           
                                               co2_emi    |       1.12 |       1.15 |       0.98 |       1.13 |          0 |          0
                                               ene_use    |     672.29 |     673.47 |     631.82 |     659.82 |     703.55 |          0
Aruba                                                     |            |            |            |            |            |           
                                               co2_emi    |          0 |          0 |          0 |      21.76 |          0 |          0
                                               ene_use    |          0 |          0 |          0 |          0 |          0 |          0
Australia                                                 |            |            |            |            |            |           
                                               co2_emi    |      18.22 |      18.91 |         18 |      17.82 |          0 |          0
                                               ene_use    |    5768.65 |    5581.05 |    5697.42 |    5681.53 |    5762.29 |          0
Austria                                                   |            |            |            |            |            |           
                                               co2_emi    |       7.57 |          8 |       8.06 |       8.66 |          0 |          0
                                               ene_use    |    3616.27 |    3815.73 |    3847.15 |    4069.33 |    4059.84 |          0
Azerbaijan                                                |            |            |            |            |            |           
                                               co2_emi    |        3.7 |       3.42 |       3.41 |       3.54 |          0 |          0
                                               ene_use    |    1430.32 |    1427.54 |    1430.39 |    1492.58 |     1558.8 |          0
Bahamas, The                                              |            |            |            |            |            |           
                                               co2_emi    |       5.95 |       5.87 |       6.71 |       5.94 |          0 |          0
                                               ene_use    |          0 |          0 |          0 |          0 |          0 |          0
Bahrain                                                   |            |            |            |            |            |           
                                               co2_emi    |      27.74 |      26.38 |      30.59 |      30.99 |          0 |          0
                                               ene_use    |    9278.16 |    9433.38 |    9864.48 |   10252.71 |   10469.11 |          0
Bangladesh                                                |            |            |            |            |            |           
                                               co2_emi    |       0.22 |       0.25 |       0.25 |       0.25 |          0 |          0
                                               ene_use    |     145.13 |     155.39 |     156.63 |      160.9 |      163.7 |          0
Barbados                                                  |            |            |            |            |            |           
                                               co2_emi    |       4.45 |       4.54 |       4.57 |       4.44 |          0 |          0
                                               ene_use    |          0 |          0 |          0 |          0 |          0 |          0
Belarus                                                   |            |            |            |            |            |           
                                               co2_emi    |       5.91 |       5.87 |       6.03 |       6.33 |          0 |          0
                                               ene_use    |    2459.67 |    2476.16 |    2539.95 |    2628.83 |    2725.44 |          0
Belgium                                                   |            |            |            |            |            |           
                                               co2_emi    |       9.97 |       9.25 |       8.86 |       9.91 |          0 |          0
                                               ene_use    |    5743.76 |    5698.55 |    5473.82 |    5704.95 |    5536.26 |          0
Belize                                                    |            |            |            |            |            |           
                                               co2_emi    |       2.76 |       2.76 |        2.8 |       2.85 |          0 |          0
                                               ene_use    |          0 |          0 |          0 |          0 |          0 |          0
Benin                                                     |            |            |            |            |            |           
                                               co2_emi    |       0.22 |       0.23 |       0.26 |       0.26 |          0 |          0
                                               ene_use    |     279.42 |     283.21 |     296.86 |     301.43 |     302.67 |          0
Bermuda                                                   |            |            |            |            |            |           
                                               co2_emi    |       7.43 |       7.39 |       7.94 |        7.9 |          0 |          0
                                               ene_use    |          0 |          0 |          0 |          0 |          0 |          0
Bhutan                                                    |            |            |            |            |            |           
                                               co2_emi    |       0.71 |        0.7 |       0.68 |       0.63 |          0 |          0
                                               ene_use    |          0 |          0 |          0 |          0 |          0 |          0
Bolivia                                                   |            |            |            |            |            |           
                                               co2_emi    |       1.18 |       1.08 |       1.05 |       0.89 |          0 |          0
                                               ene_use    |     594.35 |     517.19 |     497.61 |     503.78 |     552.56 |          0
Bosnia and Herzegovina                                    |            |            |            |            |            |           
                                               co2_emi    |       5.05 |       5.06 |       4.82 |       4.88 |          0 |          0
                                               ene_use    |    1044.42 |    1118.87 |    1063.81 |    1134.97 |    1203.23 |          0
Botswana                                                  |            |            |            |            |            |           
                                               co2_emi    |       2.33 |       2.22 |       2.31 |       2.32 |          0 |          0
                                               ene_use    |    1050.17 |    1048.39 |    1072.27 |    1049.36 |     1054.8 |          0
Brazil                                                    |            |            |            |            |            |           
                                               co2_emi    |       1.77 |       1.79 |       1.75 |       1.64 |          0 |          0
                                               ene_use    |     1068.1 |    1059.57 |    1069.88 |    1067.57 |    1113.83 |          0
Brunei                                                    |            |            |            |            |            |           
                                               co2_emi    |      17.19 |      16.06 |      15.06 |      12.72 |          0 |          0
                                               ene_use    |    7623.03 |    6944.75 |    6659.09 |    7495.39 |    7369.69 |          0
Bulgaria                                                  |            |            |            |            |            |           
                                               co2_emi    |       5.25 |       5.63 |       5.31 |       5.62 |          0 |          0
                                               ene_use    |     2319.6 |    2472.95 |    2430.55 |    2511.57 |    2434.26 |          0
Burkina Faso                                              |            |            |            |            |            |           
                                               co2_emi    |       0.09 |       0.09 |       0.09 |       0.08 |          0 |          0
                                               ene_use    |          0 |          0 |          0 |          0 |          0 |          0
Burundi                                                   |            |            |            |            |            |           
                                               co2_emi    |       0.04 |       0.04 |       0.04 |       0.03 |          0 |          0
                                               ene_use    |          0 |          0 |          0 |          0 |          0 |          0
Cambodia                                                  |            |            |            |            |            |           
                                               co2_emi    |       0.04 |       0.04 |       0.04 |       0.04 |          0 |          0
                                               ene_use    |          0 |          0 |          0 |          0 |          0 |          0
Cameroon                                                  |            |            |            |            |            |           
                                               co2_emi    |       0.23 |       0.22 |       0.22 |       0.22 |          0 |          0
                                               ene_use    |     428.64 |      426.4 |     425.05 |     434.14 |     433.29 |          0
Canada                                                    |            |            |            |            |            |           
                                               co2_emi    |      16.11 |      15.89 |      17.09 |      17.88 |          0 |          0
                                               ene_use    |    8129.98 |    7914.57 |    7972.51 |    8302.25 |    8410.64 |          0
Cape Verde                                                |            |            |            |            |            |           
                                               co2_emi    |       0.31 |       0.32 |       0.31 |        0.3 |          0 |          0
                                               ene_use    |          0 |          0 |          0 |          0 |          0 |          0
Cayman Islands                                            |            |            |            |            |            |           
                                               co2_emi    |          0 |          0 |          0 |       7.07 |          0 |          0
                                               ene_use    |          0 |          0 |          0 |          0 |          0 |          0
Central African Republic                                  |            |            |            |            |            |           
                                               co2_emi    |       0.07 |       0.07 |       0.07 |       0.06 |          0 |          0
                                               ene_use    |          0 |          0 |          0 |          0 |          0 |          0
Chad                                                      |            |            |            |            |            |           
                                               co2_emi    |       0.02 |       0.01 |       0.01 |       0.01 |          0 |          0
                                               ene_use    |          0 |          0 |          0 |          0 |          0 |          0
Channel Islands                                           |            |            |            |            |            |           
                                               co2_emi    |          0 |          0 |          0 |          0 |          0 |          0
                                               ene_use    |          0 |          0 |          0 |          0 |          0 |          0
Chile                                                     |            |            |            |            |            |           
                                               co2_emi    |       3.86 |       3.53 |       3.62 |       3.67 |          0 |          0
                                               ene_use    |    1684.16 |    1628.07 |    1670.99 |    1652.24 |    1732.34 |          0
China                                                     |            |            |            |            |            |           
                                               co2_emi    |       2.19 |       2.36 |       2.72 |       3.22 |          0 |          0
                                               ene_use    |     889.07 |     880.94 |     947.23 |     1072.1 |    1241.63 |          0
Colombia                                                  |            |            |            |            |            |           
                                               co2_emi    |       1.39 |       1.32 |       1.24 |       1.27 |          0 |          0
                                               ene_use    |     679.08 |      667.3 |     632.69 |     644.91 |     624.63 |          0
Comoros                                                   |            |            |            |            |            |           
                                               co2_emi    |       0.16 |       0.15 |       0.14 |       0.15 |          0 |          0
                                               ene_use    |          0 |          0 |          0 |          0 |          0 |          0
Congo, Dem. Rep.                                          |            |            |            |            |            |           
                                               co2_emi    |       0.03 |       0.03 |       0.03 |       0.03 |          0 |          0
                                               ene_use    |     294.89 |        295 |      295.7 |      296.2 |     296.48 |          0
Congo, Rep.                                               |            |            |            |            |            |           
                                               co2_emi    |        0.3 |       0.35 |       0.29 |       0.37 |          0 |          0
                                               ene_use    |     246.96 |     262.19 |     248.54 |     272.73 |     273.76 |          0
Costa Rica                                                |            |            |            |            |            |           
                                               co2_emi    |       1.41 |        1.4 |       1.38 |       1.52 |          0 |          0
                                               ene_use    |     841.99 |     834.99 |      866.5 |     879.95 |     869.97 |          0
Cote d'Ivoire                                             |            |            |            |            |            |           
                                               co2_emi    |       0.35 |       0.33 |       0.41 |       0.32 |          0 |          0
                                               ene_use    |     409.68 |     386.37 |     406.43 |     378.78 |     387.59 |          0
Croatia                                                   |            |            |            |            |            |           
                                               co2_emi    |       4.44 |       4.73 |       4.98 |       5.36 |          0 |          0
                                               ene_use    |     1726.6 |    1785.94 |    1850.49 |    1976.36 |    1985.21 |          0
Cuba                                                      |            |            |            |            |            |           
                                               co2_emi    |       2.28 |       2.18 |        2.4 |       2.25 |          0 |          0
                                               ene_use    |    1031.94 |    1011.98 |     963.32 |     935.13 |     950.29 |          0
Cyprus                                                    |            |            |            |            |            |           
                                               co2_emi    |       9.25 |       9.17 |       9.19 |      10.07 |          0 |          0
                                               ene_use    |    3494.24 |    3496.79 |    3473.18 |    3703.91 |    3534.74 |          0
Czech Republic                                            |            |            |            |            |            |           
                                               co2_emi    |      11.56 |      11.61 |       11.2 |       11.4 |          0 |          0
                                               ene_use    |    3932.04 |    4050.47 |    4113.71 |    4334.54 |     4460.4 |          0
Denmark                                                   |            |            |            |            |            |           
                                               co2_emi    |       8.66 |       8.95 |       8.85 |      10.11 |          0 |          0
                                               ene_use    |    3621.84 |    3714.23 |    3642.74 |    3839.86 |    3716.41 |          0
Djibouti                                                  |            |            |            |            |            |           
                                               co2_emi    |       0.54 |       0.53 |       0.48 |       0.48 |          0 |          0
                                               ene_use    |          0 |          0 |          0 |          0 |          0 |          0
Dominica                                                  |            |            |            |            |            |           
                                               co2_emi    |       1.44 |       1.55 |        1.7 |       1.95 |          0 |          0
                                               ene_use    |          0 |          0 |          0 |          0 |          0 |          0
Dominican Republic                                        |            |            |            |            |            |           
                                               co2_emi    |        2.3 |       2.27 |       2.38 |       2.32 |          0 |          0
                                               ene_use    |     892.39 |     878.55 |     903.95 |     868.32 |     821.05 |          0
East Asia & Pacific                                       |            |            |            |            |            |           
                                               co2_emi    |          2 |       2.13 |       2.41 |       2.75 |          0 |          0
                                               ene_use    |     846.76 |     847.74 |     899.66 |      993.3 |    1123.93 |          0
Ecuador                                                   |            |            |            |            |            |           
                                               co2_emi    |       1.73 |       1.92 |       1.94 |       1.81 |          0 |          0
                                               ene_use    |     679.04 |     702.17 |     739.26 |     781.53 |     773.16 |          0
Egypt, Arab Rep.                                          |            |            |            |            |            |           
                                               co2_emi    |       2.06 |       1.93 |       2.02 |       1.96 |          0 |          0
                                               ene_use    |     681.41 |     688.89 |     752.63 |     761.33 |     783.03 |          0
El Salvador                                               |            |            |            |            |            |           
                                               co2_emi    |       0.91 |       0.93 |       0.92 |       0.98 |          0 |          0
                                               ene_use    |     648.99 |     666.78 |     659.01 |     683.25 |     663.52 |          0
Equatorial Guinea                                         |            |            |            |            |            |           
                                               co2_emi    |       0.38 |       0.35 |       0.36 |       0.34 |          0 |          0
                                               ene_use    |          0 |          0 |          0 |          0 |          0 |          0
Eritrea                                                   |            |            |            |            |            |           
                                               co2_emi    |       0.17 |       0.17 |       0.17 |       0.17 |          0 |          0
                                               ene_use    |          0 |          0 |          0 |          0 |          0 |          0
Estonia                                                   |            |            |            |            |            |           
                                               co2_emi    |      11.68 |      12.02 |      11.73 |      13.47 |          0 |          0
                                               ene_use    |    3307.02 |    3446.97 |    3329.06 |    3638.66 |    3835.44 |          0
Ethiopia                                                  |            |            |            |            |            |           
                                               co2_emi    |       0.09 |        0.1 |        0.1 |       0.11 |          0 |          0
                                               ene_use    |     291.13 |     295.69 |     296.56 |     298.91 |     302.73 |          0
Europe & Central Asia                                     |            |            |            |            |            |           
                                               co2_emi    |       6.52 |       6.51 |       6.57 |       6.82 |          0 |          0
                                               ene_use    |    2631.46 |    2662.04 |    2676.52 |     2783.5 |    2808.98 |          0
European Monetary Union                                   |            |            |            |            |            |           
                                               co2_emi    |       7.96 |        8.1 |        8.1 |       8.18 |          0 |          0
                                               ene_use    |    3844.64 |     3924.9 |    3895.75 |    3960.79 |    3989.64 |          0
Faeroe Islands                                            |            |            |            |            |            |           
                                               co2_emi    |          0 |          0 |          0 |      13.74 |          0 |          0
                                               ene_use    |          0 |          0 |          0 |          0 |          0 |          0
Fiji                                                      |            |            |            |            |            |           
                                               co2_emi    |       1.06 |       1.36 |       1.35 |       1.34 |          0 |          0
                                               ene_use    |          0 |          0 |          0 |          0 |          0 |          0
Finland                                                   |            |            |            |            |            |           
                                               co2_emi    |       9.99 |      10.88 |      11.74 |      13.01 |          0 |          0
                                               ene_use    |    6373.98 |    6517.93 |     6834.6 |    7227.71 |    7285.76 |          0
France                                                    |            |            |            |            |            |           
                                               co2_emi    |       6.01 |       6.28 |       6.16 |       6.22 |          0 |          0
                                               ene_use    |    4373.29 |    4499.92 |    4464.89 |    4507.37 |    4546.66 |          0
French Polynesia                                          |            |            |            |            |            |           
                                               co2_emi    |       2.73 |       2.27 |       2.86 |       2.78 |          0 |          0
                                               ene_use    |          0 |          0 |          0 |          0 |          0 |          0
Gabon                                                     |            |            |            |            |            |           
                                               co2_emi    |       1.15 |       1.51 |       1.27 |       0.91 |          0 |          0
                                               ene_use    |    1212.17 |     1243.5 |    1249.29 |    1248.03 |    1242.72 |          0
Gambia, The                                               |            |            |            |            |            |           
                                               co2_emi    |       0.21 |       0.21 |        0.2 |        0.2 |          0 |          0
                                               ene_use    |          0 |          0 |          0 |          0 |          0 |          0
Georgia                                                   |            |            |            |            |            |           
                                               co2_emi    |       0.96 |        0.8 |       0.73 |       0.82 |          0 |          0
                                               ene_use    |     613.34 |     555.93 |     558.93 |      600.7 |     625.94 |          0
Germany                                                   |            |            |            |            |            |           
                                               co2_emi    |        9.7 |         10 |       9.69 |       9.75 |          0 |          0
                                               ene_use    |    4179.81 |    4293.19 |    4184.46 |    4205.27 |    4217.79 |          0
Ghana                                                     |            |            |            |            |            |           
                                               co2_emi    |       0.31 |       0.34 |       0.35 |       0.36 |          0 |          0
                                               ene_use    |     397.04 |     402.68 |     401.81 |      400.2 |     385.61 |          0
Greece                                                    |            |            |            |            |            |           
                                               co2_emi    |       8.27 |       8.48 |       8.53 |       8.73 |          0 |          0
                                               ene_use    |    2548.29 |    2621.38 |    2642.35 |     2711.2 |    2754.72 |          0
Greenland                                                 |            |            |            |            |            |           
                                               co2_emi    |       9.91 |       9.95 |       9.97 |         10 |          0 |          0
                                               ene_use    |          0 |          0 |          0 |          0 |          0 |          0
Grenada                                                   |            |            |            |            |            |           
                                               co2_emi    |       2.02 |       2.14 |       2.09 |        2.1 |          0 |          0
                                               ene_use    |          0 |          0 |          0 |          0 |          0 |          0
Guam                                                      |            |            |            |            |            |           
                                               co2_emi    |      26.19 |      25.88 |      25.42 |      24.91 |          0 |          0
                                               ene_use    |          0 |          0 |          0 |          0 |          0 |          0
Guatemala                                                 |            |            |            |            |            |           
                                               co2_emi    |       0.91 |       0.92 |       0.94 |       0.89 |          0 |          0
                                               ene_use    |     639.96 |     639.52 |     630.52 |     607.83 |     615.63 |          0
Guinea                                                    |            |            |            |            |            |           
                                               co2_emi    |       0.16 |       0.15 |       0.16 |       0.15 |          0 |          0
                                               ene_use    |          0 |          0 |          0 |          0 |          0 |          0
Guinea-Bissau                                             |            |            |            |            |            |           
                                               co2_emi    |       0.19 |       0.18 |       0.19 |       0.18 |          0 |          0
                                               ene_use    |          0 |          0 |          0 |          0 |          0 |          0
Guyana                                                    |            |            |            |            |            |           
                                               co2_emi    |       2.15 |       2.21 |       2.15 |       2.18 |          0 |          0
                                               ene_use    |          0 |          0 |          0 |          0 |          0 |          0
Haiti                                                     |            |            |            |            |            |           
                                               co2_emi    |       0.17 |       0.19 |       0.22 |       0.21 |          0 |          0
                                               ene_use    |     256.84 |      259.4 |     287.16 |     269.93 |     262.28 |          0
Heavily indebted poor countries (HIPC)                    |            |            |            |            |            |           
                                               co2_emi    |       0.18 |       0.18 |       0.19 |       0.19 |          0 |          0
                                               ene_use    |     366.01 |     368.79 |     376.81 |     382.73 |     390.98 |          0
High income                                               |            |            |            |            |            |           
                                               co2_emi    |       12.7 |      12.68 |      12.74 |      12.79 |          0 |          0
                                               ene_use    |    5419.76 |    5379.02 |    5396.62 |    5415.34 |    5502.35 |          0
High income: OECD                                         |            |            |            |            |            |           
                                               co2_emi    |      12.71 |      12.68 |      12.73 |      12.76 |          0 |          0
                                               ene_use    |    5461.17 |    5407.69 |    5414.13 |    5423.13 |    5495.31 |          0
High income: nonOECD                                      |            |            |            |            |            |           
                                               co2_emi    |      12.57 |      12.67 |       12.9 |      13.08 |          0 |          0
                                               ene_use    |    4902.32 |    5025.21 |    5182.79 |    5320.97 |    5586.83 |          0
Honduras                                                  |            |            |            |            |            |           
                                               co2_emi    |       0.78 |       0.87 |        0.9 |       0.94 |          0 |          0
                                               ene_use    |     468.84 |     491.65 |     508.47 |     521.84 |     547.51 |          0
Hong Kong, China                                          |            |            |            |            |            |           
                                               co2_emi    |       5.62 |       5.33 |        5.1 |       5.55 |          0 |          0
                                               ene_use    |    2318.38 |       2421 |    2412.85 |    2427.42 |    2487.58 |          0
Hungary                                                   |            |            |            |            |            |           
                                               co2_emi    |        5.3 |       5.52 |       5.51 |       5.75 |          0 |          0
                                               ene_use    |    2449.62 |    2495.29 |       2541 |    2600.41 |    2607.57 |          0
Iceland                                                   |            |            |            |            |            |           
                                               co2_emi    |       7.68 |       7.36 |       7.62 |       7.55 |          0 |          0
                                               ene_use    |   11544.48 |      11800 |   11788.19 |   11694.08 |   11975.51 |          0
India                                                     |            |            |            |            |            |           
                                               co2_emi    |       1.14 |       1.13 |       1.17 |        1.2 |          0 |          0
                                               ene_use    |     503.96 |     503.44 |     508.96 |     515.47 |     530.55 |          0
Indonesia                                                 |            |            |            |            |            |           
                                               co2_emi    |       1.34 |       1.38 |       1.54 |       1.37 |          0 |          0
                                               ene_use    |     707.37 |     744.53 |     758.98 |     766.83 |     799.87 |          0
Iran, Islamic Rep.                                        |            |            |            |            |            |           
                                               co2_emi    |        4.6 |       4.64 |       5.64 |       5.74 |          0 |          0
                                               ene_use    |    1863.63 |    1926.08 |    1988.24 |    2088.61 |    2166.45 |          0
Iraq                                                      |            |            |            |            |            |           
                                               co2_emi    |       2.91 |       3.19 |       3.33 |       2.71 |          0 |          0
                                               ene_use    |    1037.82 |     1144.1 |     1178.6 |     965.17 |    1083.49 |          0
Ireland                                                   |            |            |            |            |            |           
                                               co2_emi    |      10.91 |      11.25 |      10.81 |      10.35 |          0 |          0
                                               ene_use    |    3753.88 |    3931.25 |    3909.41 |    3772.05 |    3737.54 |          0
Isle of Man                                               |            |            |            |            |            |           
                                               co2_emi    |          0 |          0 |          0 |          0 |          0 |          0
                                               ene_use    |          0 |          0 |          0 |          0 |          0 |          0
Israel                                                    |            |            |            |            |            |           
                                               co2_emi    |      10.19 |       9.96 |      10.39 |      10.21 |          0 |          0
                                               ene_use    |    3057.08 |    3113.53 |    3044.44 |    3085.04 |    3048.87 |          0
Italy                                                     |            |            |            |            |            |           
                                               co2_emi    |       7.51 |       7.52 |       7.56 |       7.73 |          0 |          0
                                               ene_use    |    3033.03 |    3046.59 |    3035.41 |    3146.53 |    3170.76 |          0
Jamaica                                                   |            |            |            |            |            |           
                                               co2_emi    |       3.98 |       4.08 |       3.93 |       4.07 |          0 |          0
                                               ene_use    |    1513.87 |    1537.17 |    1495.32 |    1543.12 |    1540.88 |          0
Japan                                                     |            |            |            |            |            |           
                                               co2_emi    |        9.5 |       9.35 |       9.44 |       9.64 |          0 |          0
                                               ene_use    |    4169.12 |    4096.27 |    4093.12 |    4040.92 |    4173.36 |          0
Jordan                                                    |            |            |            |            |            |           
                                               co2_emi    |       3.23 |       3.15 |       3.25 |       3.31 |          0 |          0
                                               ene_use    |     1081.6 |    1039.55 |    1062.92 |    1071.46 |    1232.33 |          0
Kazakhstan                                                |            |            |            |            |            |           
                                               co2_emi    |       8.14 |        8.4 |      10.57 |      10.68 |          0 |          0
                                               ene_use    |    2666.49 |    3065.15 |    3154.65 |    3346.77 |    3651.47 |          0
Kenya                                                     |            |            |            |            |            |           
                                               co2_emi    |       0.34 |       0.29 |       0.25 |       0.27 |          0 |          0
                                               ene_use    |     489.97 |     479.82 |     469.01 |     481.25 |     505.57 |          0
Kiribati                                                  |            |            |            |            |            |           
                                               co2_emi    |       0.36 |       0.32 |       0.31 |        0.3 |          0 |          0
                                               ene_use    |          0 |          0 |          0 |          0 |          0 |          0
Korea, Dem. Rep.                                          |            |            |            |            |            |           
                                               co2_emi    |       3.52 |       3.63 |       3.43 |       3.48 |          0 |          0
                                               ene_use    |      903.3 |     928.63 |     882.16 |     894.09 |     910.17 |          0
Korea, Rep.                                               |            |            |            |            |            |           
                                               co2_emi    |       9.09 |       9.18 |       9.35 |       9.53 |          0 |          0
                                               ene_use    |    4060.85 |    4092.01 |    4239.66 |     4311.4 |    4430.85 |          0
Kuwait                                                    |            |            |            |            |            |           
                                               co2_emi    |      32.22 |      29.61 |      28.24 |      32.74 |          0 |          0
                                               ene_use    |    9341.55 |    8516.04 |    8124.48 |    9563.03 |   10211.69 |          0
Kyrgyz Republic                                           |            |            |            |            |            |           
                                               co2_emi    |       0.94 |       0.78 |       0.99 |       1.06 |          0 |          0
                                               ene_use    |     497.43 |     451.08 |     507.89 |      531.5 |     545.87 |          0
Lao PDR                                                   |            |            |            |            |            |           
                                               co2_emi    |       0.19 |       0.22 |       0.23 |       0.23 |          0 |          0
                                               ene_use    |          0 |          0 |          0 |          0 |          0 |          0
Latin America & Caribbean                                 |            |            |            |            |            |           
                                               co2_emi    |       2.51 |       2.47 |       2.37 |       2.37 |          0 |          0
                                               ene_use    |    1153.42 |     1138.6 |    1133.24 |    1132.54 |    1168.82 |          0
Latvia                                                    |            |            |            |            |            |           
                                               co2_emi    |       2.52 |       2.79 |       2.75 |       2.89 |          0 |          0
                                               ene_use    |     1638.7 |    1799.92 |    1797.26 |    1892.62 |    1988.07 |          0
Least developed countries: UN classification              |            |            |            |            |            |           
                                               co2_emi    |       0.16 |       0.17 |       0.18 |       0.18 |          0 |          0
                                               ene_use    |     285.43 |      292.8 |     299.06 |     306.27 |     313.59 |          0
Lebanon                                                   |            |            |            |            |            |           
                                               co2_emi    |       4.07 |       4.32 |       4.23 |       4.84 |          0 |          0
                                               ene_use    |    1340.83 |    1422.25 |    1388.14 |     1520.6 |     1361.2 |          0
Lesotho                                                   |            |            |            |            |            |           
                                               co2_emi    |          0 |          0 |          0 |          0 |          0 |          0
                                               ene_use    |          0 |          0 |          0 |          0 |          0 |          0
Liberia                                                   |            |            |            |            |            |           
                                               co2_emi    |       0.14 |       0.15 |       0.15 |       0.14 |          0 |          0
                                               ene_use    |          0 |          0 |          0 |          0 |          0 |          0
Libya                                                     |            |            |            |            |            |           
                                               co2_emi    |       8.79 |       8.87 |       8.89 |       8.91 |          0 |          0
                                               ene_use    |    3207.54 |    3190.89 |    3205.03 |    3203.43 |    3169.43 |          0
Liechtenstein                                             |            |            |            |            |            |           
                                               co2_emi    |          0 |          0 |          0 |          0 |          0 |          0
                                               ene_use    |          0 |          0 |          0 |          0 |          0 |          0
Lithuania                                                 |            |            |            |            |            |           
                                               co2_emi    |       3.41 |       3.57 |       3.62 |       3.67 |          0 |          0
                                               ene_use    |    2086.57 |    2292.82 |    2515.35 |    2629.81 |    2665.92 |          0
Low & middle income                                       |            |            |            |            |            |           
                                               co2_emi    |       2.08 |       2.11 |       2.22 |       2.36 |          0 |          0
                                               ene_use    |     932.66 |     933.89 |     953.85 |     998.77 |    1056.59 |          0
Low income                                                |            |            |            |            |            |           
                                               co2_emi    |        0.8 |        0.8 |       0.82 |       0.83 |          0 |          0
                                               ene_use    |      483.7 |     485.54 |     490.78 |     496.92 |     510.41 |          0
Lower middle income                                       |            |            |            |            |            |           
                                               co2_emi    |       2.24 |       2.35 |       2.61 |       2.88 |          0 |          0
                                               ene_use    |     916.83 |     918.82 |     965.82 |    1048.47 |    1159.34 |          0
Luxembourg                                                |            |            |            |            |            |           
                                               co2_emi    |      18.78 |      19.53 |      21.25 |      22.06 |          0 |          0
                                               ene_use    |    8408.68 |    8723.55 |    9111.61 |    9472.23 |   10480.99 |          0
Macao, China                                              |            |            |            |            |            |           
                                               co2_emi    |       3.68 |       3.78 |       4.07 |        4.1 |          0 |          0
                                               ene_use    |          0 |          0 |          0 |          0 |          0 |          0
Macedonia, FYR                                            |            |            |            |            |            |           
                                               co2_emi    |       5.67 |       5.64 |       5.13 |       5.19 |          0 |          0
                                               ene_use    |    1348.58 |    1293.58 |    1283.57 |    1313.64 |    1327.76 |          0
Madagascar                                                |            |            |            |            |            |           
                                               co2_emi    |       0.14 |       0.14 |       0.13 |       0.13 |          0 |          0
                                               ene_use    |          0 |          0 |          0 |          0 |          0 |          0
Malawi                                                    |            |            |            |            |            |           
                                               co2_emi    |       0.07 |       0.07 |       0.07 |       0.07 |          0 |          0
                                               ene_use    |          0 |          0 |          0 |          0 |          0 |          0
Malaysia                                                  |            |            |            |            |            |           
                                               co2_emi    |       5.49 |       5.78 |       5.89 |        6.4 |          0 |          0
                                               ene_use    |    2122.78 |    2191.98 |     2188.4 |    2318.43 |    2279.02 |          0
Maldives                                                  |            |            |            |            |            |           
                                               co2_emi    |       1.72 |        3.1 |       3.37 |       1.41 |          0 |          0
                                               ene_use    |          0 |          0 |          0 |          0 |          0 |          0
Mali                                                      |            |            |            |            |            |           
                                               co2_emi    |       0.05 |       0.05 |       0.04 |       0.04 |          0 |          0
                                               ene_use    |          0 |          0 |          0 |          0 |          0 |          0
Malta                                                     |            |            |            |            |            |           
                                               co2_emi    |       5.39 |       5.24 |       5.32 |       6.18 |          0 |          0
                                               ene_use    |    2012.82 |    1877.86 |    1977.52 |    2237.83 |    2262.65 |          0
Marshall Islands                                          |            |            |            |            |            |           
                                               co2_emi    |          0 |          0 |          0 |          0 |          0 |          0
                                               ene_use    |          0 |          0 |          0 |          0 |          0 |          0
Mauritania                                                |            |            |            |            |            |           
                                               co2_emi    |       0.94 |       0.93 |       0.88 |       0.86 |          0 |          0
                                               ene_use    |          0 |          0 |          0 |          0 |          0 |          0
Mauritius                                                 |            |            |            |            |            |           
                                               co2_emi    |       2.33 |       2.47 |       2.46 |       2.57 |          0 |          0
                                               ene_use    |          0 |          0 |          0 |          0 |          0 |          0
Mayotte                                                   |            |            |            |            |            |           
                                               co2_emi    |          0 |          0 |          0 |          0 |          0 |          0
                                               ene_use    |          0 |          0 |          0 |          0 |          0 |          0
Mexico                                                    |            |            |            |            |            |           
                                               co2_emi    |       4.04 |       4.12 |       3.99 |       4.12 |          0 |          0
                                               ene_use    |    1534.91 |    1537.34 |    1556.03 |    1583.49 |    1621.51 |          0
Micronesia, Fed. Sts.                                     |            |            |            |            |            |           
                                               co2_emi    |          0 |          0 |          0 |          0 |          0 |          0
                                               ene_use    |          0 |          0 |          0 |          0 |          0 |          0
Middle East & North Africa                                |            |            |            |            |            |           
                                               co2_emi    |       3.21 |       3.21 |        3.5 |       3.43 |          0 |          0
                                               ene_use    |    1076.66 |    1104.58 |    1145.34 |    1157.82 |    1190.15 |          0
Middle income                                             |            |            |            |            |            |           
                                               co2_emi    |       3.02 |       3.09 |       3.28 |       3.51 |          0 |          0
                                               ene_use    |    1234.39 |    1238.01 |    1270.77 |    1345.25 |    1436.97 |          0
Moldova                                                   |            |            |            |            |            |           
                                               co2_emi    |       1.58 |       1.73 |       1.67 |       1.82 |          0 |          0
                                               ene_use    |     692.33 |     768.61 |      744.9 |     837.69 |     862.13 |          0
Monaco                                                    |            |            |            |            |            |           
                                               co2_emi    |          0 |          0 |          0 |          0 |          0 |          0
                                               ene_use    |          0 |          0 |          0 |          0 |          0 |          0
Mongolia                                                  |            |            |            |            |            |           
                                               co2_emi    |       3.13 |       3.25 |       3.38 |       3.21 |          0 |          0
                                               ene_use    |          0 |          0 |          0 |          0 |          0 |          0
Morocco                                                   |            |            |            |            |            |           
                                               co2_emi    |        1.2 |       1.32 |       1.32 |       1.28 |          0 |          0
                                               ene_use    |     350.32 |     370.93 |     373.38 |     370.01 |      383.8 |          0
Mozambique                                                |            |            |            |            |            |           
                                               co2_emi    |       0.07 |       0.07 |       0.08 |       0.08 |          0 |          0
                                               ene_use    |     402.17 |     420.36 |     431.72 |      435.8 |     441.26 |          0
Myanmar                                                   |            |            |            |            |            |           
                                               co2_emi    |       0.19 |       0.16 |       0.18 |       0.19 |          0 |          0
                                               ene_use    |     265.17 |     256.42 |     266.03 |     276.49 |     282.86 |          0
Namibia                                                   |            |            |            |            |            |           
                                               co2_emi    |       0.92 |       1.07 |       1.08 |       1.17 |          0 |          0
                                               ene_use    |     544.23 |     594.84 |     619.36 |     639.99 |     665.42 |          0
Nepal                                                     |            |            |            |            |            |           
                                               co2_emi    |       0.13 |       0.14 |       0.11 |       0.11 |          0 |          0
                                               ene_use    |     334.21 |     336.98 |     333.72 |     335.89 |     340.53 |          0
Netherlands                                               |            |            |            |            |            |           
                                               co2_emi    |       8.73 |       8.72 |       9.32 |       8.68 |          0 |          0
                                               ene_use    |     4761.5 |    4858.13 |    4870.55 |    4988.39 |    5045.35 |          0
Netherlands Antilles                                      |            |            |            |            |            |           
                                               co2_emi    |       18.7 |      18.92 |      19.15 |      22.65 |          0 |          0
                                               ene_use    |    7907.32 |    8368.84 |     8375.2 |    9209.76 |    9498.54 |          0
New Caledonia                                             |            |            |            |            |            |           
                                               co2_emi    |       8.47 |       8.36 |       8.22 |       8.28 |          0 |          0
                                               ene_use    |          0 |          0 |          0 |          0 |          0 |          0
New Zealand                                               |            |            |            |            |            |           
                                               co2_emi    |       8.59 |       9.02 |       8.78 |       8.67 |          0 |          0
                                               ene_use    |    4495.83 |     4492.2 |     4502.3 |    4309.59 |    4344.31 |          0
Nicaragua                                                 |            |            |            |            |            |           
                                               co2_emi    |       0.77 |        0.8 |       0.78 |       0.77 |          0 |          0
                                               ene_use    |      558.5 |     559.75 |     552.24 |     613.75 |     643.39 |          0
Niger                                                     |            |            |            |            |            |           
                                               co2_emi    |        0.1 |        0.1 |        0.1 |       0.09 |          0 |          0
                                               ene_use    |          0 |          0 |          0 |          0 |          0 |          0
Nigeria                                                   |            |            |            |            |            |           
                                               co2_emi    |       0.37 |       0.38 |       0.41 |       0.39 |          0 |          0
                                               ene_use    |     715.48 |     720.31 |     727.51 |     726.46 |     717.31 |          0
Northern Mariana Islands                                  |            |            |            |            |            |           
                                               co2_emi    |          0 |          0 |          0 |          0 |          0 |          0
                                               ene_use    |          0 |          0 |          0 |          0 |          0 |          0
Norway                                                    |            |            |            |            |            |           
                                               co2_emi    |       7.41 |       8.13 |      12.55 |       9.86 |          0 |          0
                                               ene_use    |    5743.04 |    5861.07 |       5526 |    5946.68 |     6023.8 |          0
Oman                                                      |            |            |            |            |            |           
                                               co2_emi    |       8.98 |       9.88 |      12.15 |      12.84 |          0 |          0
                                               ene_use    |    3959.87 |    4344.43 |    4712.86 |    4975.26 |    4667.22 |          0
Pakistan                                                  |            |            |            |            |            |           
                                               co2_emi    |       0.77 |       0.74 |       0.77 |       0.77 |          0 |          0
                                               ene_use    |     463.15 |      461.4 |     456.96 |     466.91 |     489.09 |          0
Palau                                                     |            |            |            |            |            |           
                                               co2_emi    |          0 |          0 |          0 |      12.27 |          0 |          0
                                               ene_use    |          0 |          0 |          0 |          0 |          0 |          0
Panama                                                    |            |            |            |            |            |           
                                               co2_emi    |       1.95 |       2.33 |        1.9 |       1.93 |          0 |          0
                                               ene_use    |     874.93 |     954.29 |     843.99 |     835.81 |     801.17 |          0
Papua New Guinea                                          |            |            |            |            |            |           
                                               co2_emi    |       0.46 |       0.46 |       0.45 |       0.44 |          0 |          0
                                               ene_use    |          0 |          0 |          0 |          0 |          0 |          0
Paraguay                                                  |            |            |            |            |            |           
                                               co2_emi    |       0.69 |        0.7 |       0.72 |       0.73 |          0 |          0
                                               ene_use    |     722.75 |     719.52 |     701.47 |      702.6 |     694.36 |          0
Peru                                                      |            |            |            |            |            |           
                                               co2_emi    |       1.05 |          1 |       0.97 |       0.96 |          0 |          0
                                               ene_use    |     482.73 |     459.51 |     449.28 |     431.49 |     478.84 |          0
Philippines                                               |            |            |            |            |            |           
                                               co2_emi    |       1.03 |       0.99 |       0.99 |       0.96 |          0 |          0
                                               ene_use    |     559.83 |      539.4 |     537.47 |      524.9 |     542.39 |          0
Poland                                                    |            |            |            |            |            |           
                                               co2_emi    |       7.82 |        7.9 |       7.72 |       7.97 |          0 |          0
                                               ene_use    |    2324.69 |    2353.09 |    2331.32 |    2393.92 |    2402.74 |          0
Portugal                                                  |            |            |            |            |            |           
                                               co2_emi    |       5.84 |       5.66 |       6.01 |       5.51 |          0 |          0
                                               ene_use    |    2473.16 |    2470.82 |    2551.71 |    2468.91 |       2528 |          0
Puerto Rico                                               |            |            |            |            |            |           
                                               co2_emi    |       2.61 |       3.75 |       3.83 |       0.54 |          0 |          0
                                               ene_use    |          0 |          0 |          0 |          0 |          0 |          0
Qatar                                                     |            |            |            |            |            |           
                                               co2_emi    |      59.96 |       66.2 |      67.27 |      62.97 |          0 |          0
                                               ene_use    |   21428.61 |   21959.24 |   21884.46 |   21388.72 |   23246.45 |          0
Romania                                                   |            |            |            |            |            |           
                                               co2_emi    |       3.84 |       4.14 |       4.02 |       4.19 |          0 |          0
                                               ene_use    |    1616.45 |    1682.95 |    1722.92 |    1794.17 |    1778.43 |          0
Russian Federation                                        |            |            |            |            |            |           
                                               co2_emi    |       9.87 |       9.86 |       9.84 |      10.33 |          0 |          0
                                               ene_use    |    4196.41 |    4256.99 |    4251.95 |    4423.81 |    4459.74 |          0
Rwanda                                                    |            |            |            |            |            |           
                                               co2_emi    |       0.07 |       0.07 |       0.07 |       0.07 |          0 |          0
                                               ene_use    |          0 |          0 |          0 |          0 |          0 |          0
Samoa                                                     |            |            |            |            |            |           
                                               co2_emi    |       0.78 |        0.8 |       0.79 |       0.82 |          0 |          0
                                               ene_use    |          0 |          0 |          0 |          0 |          0 |          0
San Marino                                                |            |            |            |            |            |           
                                               co2_emi    |          0 |          0 |          0 |          0 |          0 |          0
                                               ene_use    |          0 |          0 |          0 |          0 |          0 |          0
Sao Tome and Principe                                     |            |            |            |            |            |           
                                               co2_emi    |       0.63 |       0.64 |       0.63 |       0.61 |          0 |          0
                                               ene_use    |          0 |          0 |          0 |          0 |          0 |          0
Saudi Arabia                                              |            |            |            |            |            |           
                                               co2_emi    |      13.15 |      13.36 |      13.34 |      13.71 |          0 |          0
                                               ene_use    |    5482.15 |    5662.68 |    5824.38 |    5904.02 |    6232.45 |          0
Senegal                                                   |            |            |            |            |            |           
                                               co2_emi    |       0.39 |       0.41 |       0.43 |       0.43 |          0 |          0
                                               ene_use    |     239.49 |      239.2 |     236.27 |     233.21 |     241.61 |          0
Serbia and Montenegro                                     |            |            |            |            |            |           
                                               co2_emi    |       5.01 |       5.37 |       5.81 |       6.16 |          0 |          0
                                               ene_use    |    1638.03 |    1795.26 |    1924.95 |    2004.36 |          0 |          0
Seychelles                                                |            |            |            |            |            |           
                                               co2_emi    |       6.95 |       7.89 |       6.48 |       6.59 |          0 |          0
                                               ene_use    |          0 |          0 |          0 |          0 |          0 |          0
Sierra Leone                                              |            |            |            |            |            |           
                                               co2_emi    |       0.12 |       0.13 |       0.13 |       0.13 |          0 |          0
                                               ene_use    |          0 |          0 |          0 |          0 |          0 |          0
Singapore                                                 |            |            |            |            |            |           
                                               co2_emi    |      14.05 |      13.68 |       13.3 |      11.42 |          0 |          0
                                               ene_use    |    5537.75 |    5563.52 |    5852.37 |    5201.66 |    6034.01 |          0
Slovak Republic                                           |            |            |            |            |            |           
                                               co2_emi    |       6.57 |       6.89 |       6.87 |       6.98 |          0 |          0
                                               ene_use    |    3291.68 |    3455.17 |    3484.23 |    3463.05 |    3406.63 |          0
Slovenia                                                  |            |            |            |            |            |           
                                               co2_emi    |       7.25 |       7.58 |       7.66 |       7.72 |          0 |          0
                                               ene_use    |    3262.44 |    3415.16 |    3481.44 |    3510.55 |    3590.89 |          0
Solomon Islands                                           |            |            |            |            |            |           
                                               co2_emi    |       0.39 |        0.4 |       0.39 |        0.4 |          0 |          0
                                               ene_use    |          0 |          0 |          0 |          0 |          0 |          0
Somalia                                                   |            |            |            |            |            |           
                                               co2_emi    |          0 |          0 |          0 |          0 |          0 |          0
                                               ene_use    |          0 |          0 |          0 |          0 |          0 |          0
South Africa                                              |            |            |            |            |            |           
                                               co2_emi    |       7.41 |       7.41 |       7.85 |       7.94 |          0 |          0
                                               ene_use    |     2565.8 |    2593.23 |    2511.04 |    2658.11 |    2828.64 |          0
South Asia                                                |            |            |            |            |            |           
                                               co2_emi    |       0.97 |       0.96 |       0.99 |       1.01 |          0 |          0
                                               ene_use    |     460.46 |     460.91 |     464.53 |      471.3 |     485.87 |          0
Spain                                                     |            |            |            |            |            |           
                                               co2_emi    |          7 |       6.96 |       7.35 |       7.36 |          0 |          0
                                               ene_use    |    3096.55 |    3139.43 |    3185.61 |    3239.15 |    3330.93 |          0
Sri Lanka                                                 |            |            |            |            |            |           
                                               co2_emi    |       0.53 |       0.54 |       0.56 |       0.54 |          0 |          0
                                               ene_use    |     417.53 |      422.7 |     417.74 |     448.92 |        485 |          0
St. Kitts and Nevis                                       |            |            |            |            |            |           
                                               co2_emi    |       2.32 |       2.22 |       2.43 |       2.67 |          0 |          0
                                               ene_use    |          0 |          0 |          0 |          0 |          0 |          0
St. Lucia                                                 |            |            |            |            |            |           
                                               co2_emi    |       2.07 |       1.97 |       1.91 |       2.03 |          0 |          0
                                               ene_use    |          0 |          0 |          0 |          0 |          0 |          0
St. Vincent and the Grenadines                            |            |            |            |            |            |           
                                               co2_emi    |       1.33 |       1.51 |       1.56 |       1.65 |          0 |          0
                                               ene_use    |          0 |          0 |          0 |          0 |          0 |          0
Sub-Saharan Africa                                        |            |            |            |            |            |           
                                               co2_emi    |       0.72 |       0.72 |       0.74 |       0.74 |          0 |          0
                                               ene_use    |     660.36 |     665.59 |     662.82 |      676.7 |     691.65 |          0
Sudan                                                     |            |            |            |            |            |           
                                               co2_emi    |       0.17 |       0.19 |       0.24 |       0.26 |          0 |          0
                                               ene_use    |     419.27 |     433.89 |     459.79 |     475.87 |     496.52 |          0
Suriname                                                  |            |            |            |            |            |           
                                               co2_emi    |        4.9 |       5.17 |        5.1 |       5.04 |          0 |          0
                                               ene_use    |          0 |          0 |          0 |          0 |          0 |          0
Swaziland                                                 |            |            |            |            |            |           
                                               co2_emi    |       0.96 |       0.92 |       0.89 |       0.86 |          0 |          0
                                               ene_use    |          0 |          0 |          0 |          0 |          0 |          0
Sweden                                                    |            |            |            |            |            |           
                                               co2_emi    |       5.24 |       5.38 |       6.18 |       5.88 |          0 |          0
                                               ene_use    |    5492.39 |    5814.71 |    5909.01 |    5773.78 |    5998.34 |          0
Switzerland                                               |            |            |            |            |            |           
                                               co2_emi    |       5.46 |       5.96 |       5.59 |        5.5 |          0 |          0
                                               ene_use    |    3641.17 |    3828.04 |    3675.38 |    3661.28 |    3671.79 |          0
Syrian Arab Republic                                      |            |            |            |            |            |           
                                               co2_emi    |       2.87 |       2.75 |       2.85 |        2.7 |          0 |          0
                                               ene_use    |    1044.74 |     984.48 |    1014.64 |      981.7 |     992.51 |          0
Tajikistan                                                |            |            |            |            |            |           
                                               co2_emi    |       0.65 |       0.69 |       0.75 |       0.73 |          0 |          0
                                               ene_use    |     469.64 |     504.33 |     478.01 |      498.7 |     515.66 |          0
Tanzania                                                  |            |            |            |            |            |           
                                               co2_emi    |       0.08 |       0.09 |        0.1 |        0.1 |          0 |          0
                                               ene_use    |     397.36 |     421.41 |     445.77 |     469.54 |     499.87 |          0
Thailand                                                  |            |            |            |            |            |           
                                               co2_emi    |       3.28 |        3.5 |       3.68 |       3.89 |          0 |          0
                                               ene_use    |    1213.74 |    1260.88 |    1331.62 |    1405.71 |    1524.03 |          0
Timor-Leste                                               |            |            |            |            |            |           
                                               co2_emi    |          0 |          0 |       0.19 |       0.18 |          0 |          0
                                               ene_use    |          0 |          0 |          0 |          0 |          0 |          0
Togo                                                      |            |            |            |            |            |           
                                               co2_emi    |        0.3 |       0.26 |       0.26 |       0.38 |          0 |          0
                                               ene_use    |     386.48 |     363.48 |     394.12 |     445.36 |     448.87 |          0
Tonga                                                     |            |            |            |            |            |           
                                               co2_emi    |       1.21 |       1.05 |       1.05 |       1.12 |          0 |          0
                                               ene_use    |          0 |          0 |          0 |          0 |          0 |          0
Trinidad and Tobago                                       |            |            |            |            |            |           
                                               co2_emi    |      19.69 |      20.02 |      21.46 |      22.08 |          0 |          0
                                               ene_use    |    7671.83 |    7896.26 |    8326.93 |    8553.31 |    8675.12 |          0
Tunisia                                                   |            |            |            |            |            |           
                                               co2_emi    |       2.06 |       2.12 |       2.13 |       2.12 |          0 |          0
                                               ene_use    |     793.64 |     825.65 |     822.03 |     837.42 |     876.22 |          0
Turkey                                                    |            |            |            |            |            |           
                                               co2_emi    |       3.29 |       2.91 |       2.99 |       3.11 |          0 |          0
                                               ene_use    |    1142.49 |    1036.19 |    1080.06 |    1114.28 |    1151.16 |          0
Turkmenistan                                              |            |            |            |            |            |           
                                               co2_emi    |       7.91 |       8.68 |       9.08 |       9.22 |          0 |          0
                                               ene_use    |    3214.69 |    3305.17 |    3311.73 |    3646.63 |    3264.79 |          0
Uganda                                                    |            |            |            |            |            |           
                                               co2_emi    |       0.06 |       0.06 |       0.07 |       0.06 |          0 |          0
                                               ene_use    |          0 |          0 |          0 |          0 |          0 |          0
Ukraine                                                   |            |            |            |            |            |           
                                               co2_emi    |       6.18 |       6.27 |       6.35 |       6.58 |          0 |          0
                                               ene_use    |    2643.66 |    2670.43 |    2735.94 |    2949.03 |    2958.05 |          0
United Arab Emirates                                      |            |            |            |            |            |           
                                               co2_emi    |      35.58 |      33.46 |      33.66 |      33.41 |          0 |          0
                                               ene_use    |   11022.79 |   10290.42 |   10697.12 |   10512.74 |    10141.9 |          0
United Kingdom                                            |            |            |            |            |            |           
                                               co2_emi    |       9.31 |       9.51 |       9.27 |       9.37 |          0 |          0
                                               ene_use    |    3898.85 |    3942.35 |    3853.37 |    3898.37 |     3905.6 |          0
United States                                             |            |            |            |            |            |           
                                               co2_emi    |      20.52 |      20.14 |      20.09 |       19.9 |          0 |          0
                                               ene_use    |     8164.4 |    7915.89 |       7936 |     7843.2 |    7920.46 |          0
Upper middle income                                       |            |            |            |            |            |           
                                               co2_emi    |       5.18 |       5.16 |       5.14 |       5.28 |          0 |          0
                                               ene_use    |    2125.49 |    2134.93 |    2129.39 |    2182.04 |    2221.38 |          0
Uruguay                                                   |            |            |            |            |            |           
                                               co2_emi    |       1.48 |       1.37 |       1.31 |       1.32 |          0 |          0
                                               ene_use    |     932.49 |     817.63 |     758.04 |     761.91 |     867.12 |          0
Uzbekistan                                                |            |            |            |            |            |           
                                               co2_emi    |       4.81 |        4.8 |       4.83 |       4.83 |          0 |          0
                                               ene_use    |    2034.52 |    2025.75 |    2046.04 |    2064.05 |    2087.58 |          0
Vanuatu                                                   |            |            |            |            |            |           
                                               co2_emi    |       0.42 |       0.43 |       0.42 |       0.43 |          0 |          0
                                               ene_use    |          0 |          0 |          0 |          0 |          0 |          0
Venezuela, RB                                             |            |            |            |            |            |           
                                               co2_emi    |       6.69 |       6.37 |       5.37 |       5.61 |          0 |          0
                                               ene_use    |    2333.26 |    2348.31 |    2290.33 |     2068.4 |    2149.42 |          0
Vietnam                                                   |            |            |            |            |            |           
                                               co2_emi    |       0.69 |       0.77 |        0.9 |       0.94 |          0 |          0
                                               ene_use    |     482.05 |     501.58 |     533.96 |     546.76 |     612.18 |          0
Virgin Islands (U.S.)                                     |            |            |            |            |            |           
                                               co2_emi    |     111.57 |     122.13 |     113.25 |     124.28 |          0 |          0
                                               ene_use    |          0 |          0 |          0 |          0 |          0 |          0
West Bank and Gaza                                        |            |            |            |            |            |           
                                               co2_emi    |          0 |          0 |          0 |          0 |          0 |          0
                                               ene_use    |          0 |          0 |          0 |          0 |          0 |          0
World                                                     |            |            |            |            |            |           
                                               co2_emi    |       3.81 |       3.83 |       3.92 |       4.04 |          0 |          0
                                               ene_use    |    1686.82 |    1677.28 |    1693.42 |    1730.77 |    1790.49 |          0
Yemen, Rep.                                               |            |            |            |            |            |           
                                               co2_emi    |       0.81 |       0.88 |       0.85 |       0.87 |          0 |          0
                                               ene_use    |     271.74 |     291.47 |     281.65 |     294.79 |     313.34 |          0
Zambia                                                    |            |            |            |            |            |           
                                               co2_emi    |       0.17 |       0.18 |       0.18 |       0.19 |          0 |          0
                                               ene_use    |     586.15 |     592.58 |     596.39 |     600.56 |     604.85 |          0
Zimbabwe                                                  |            |            |            |            |            |           
                                               co2_emi    |       1.17 |       1.07 |       0.99 |       0.89 |          0 |          0
                                               ene_use    |     795.71 |     772.89 |     765.47 |     743.83 |     718.98 |          0
